
0         1         2          3         4         5         6         7
01234567890123456789012345678901234567890123456789012345678901234567890123456789

1090109010 9010901090 1090109010 9010901090 1090109010 9010901090 1090109010 9010901090 1090109010 9010901090 1090109010901090109010901090109010901090109010901090109010901090109010901090109010901090109010901090    0
0110099001 1009900110 0990011009 9001100990 0110099001 1009900110 0990011009 9001100990 0110099001 1009900110 0990011009900110099001100990011009900110099001100990011009900110099001100990011009900110099001100990    1
0011100099 9000111000 9990001110 0099900011 1000999000 1110009990 0011100099 9000111000 9990001110 0099900011 1000999000111000999000111000999000111000999000111000999000111000999000111000999000111000999000111000    2
0001111000 0999900001 1110000999 9000011110 0009999000 0111100009 9990000111 1000099990 0001111000 0999900001 1110000999900001111000099990000111100009999000011110000999900001111000099990000111100009999000011110    3
0000111110 0000999990 0000111110 0000999990 0000111110 0000999990 0000111110 0000999990 0000111110 0000999990 0000111110000099999000001111100000999990000011111000009999900000111110000099999000001111100000999990    4
0000011111 1000000999 9990000001 1111100000 0999999000 0001111110 0000099999 9000000111 1110000009 9999900000 0111111000000999999000000111111000000999999000000111111000000999999000000111111000000999999000000111    5
0000001111 1110000000 9999999000 0000111111 1000000099 9999900000 0011111110 0000009999 9990000000 1111111000 0000999999900000001111111000000099999990000000111111100000009999999000000011111110000000999999900000    6
0000000111 1111100000 0009999999 9000000001 1111111000 0000099999 9990000000 0111111110 0000000999 9999900000 0001111111100000000999999990000000011111111000000009999999900000000111111110000000099999999000000001    7
0000000011 1111111000 0000009999 9999900000 0000111111 1110000000 0099999999 9000000000 1111111110 0000000099 9999999000000000111111111000000000999999999000000000111111111000000000999999999000000000111111111000    8
0000000001 1111111110 0000000009 9999999990 0000000001 1111111110 0000000009 9999999990 0000000001 1111111110 0000000009999999999000000000011111111110000000000999999999900000000001111111111000000000099999999990    9

0000000000 1111111111 1000000000 0099999999 9990000000 0000111111 1111100000 0000009999 9999999000 0000000011 1111111110000000000099999999999000000000001111111111100000000000999999999990000000000011111111111000    10
0000000000 0111111111 1110000000 0000099999 9999999000 0000000001 1111111111 1000000000 0009999999 9999900000 0000000111111111111000000000000999999999999000000000000111111111111000000000000999999999999000000000    11
0000000000 0011111111 1111100000 0000000099 9999999999 9000000000 0000111111 1111111000 0000000000 9999999999 9990000000000000111111111111100000000000009999999999999000000000000011111111111110000000000000999999    12
0000000000 0001111111 1111111000 0000000000 0999999999 9999900000 0000000001 1111111111 1110000000 0000000999 9999999999900000000000000111111111111110000000000000099999999999999000000000000001111111111111100000    13
0000000000 0000111111 1111111110 0000000000 0000999999 9999999990 0000000000 0000111111 1111111110 0000000000 0000999999999999999000000000000000111111111111111000000000000000999999999999999000000000000000111111    14
0000000000 0000011111 1111111111 1000000000 0000000999 9999999999 9990000000 0000000001 1111111111 1111100000 0000000000099999999999999990000000000000000111111111111111100000000000000009999999999999999000000000    15
0000000000 0000001111 1111111111 1110000000 0000000000 9999999999 9999999000 0000000000 0000111111 1111111111 1000000000000000009999999999999999900000000000000000111111111111111110000000000000000099999999999999    16
0000000000 0000000111 1111111111 1111100000 0000000000 0009999999 9999999999 9000000000 0000000001 1111111111 1111111000000000000000000999999999999999999000000000000000000111111111111111111000000000000000000999    17
0000000000 0000000011 1111111111 1111111000 0000000000 0000009999 9999999999 9999900000 0000000000 0000111111 1111111111111000000000000000000099999999999999999990000000000000000000111111111111111111100000000000    18
0000000000 0000000001 1111111111 1111111110 0000000000 0000000009 9999999999 9999999990 0000000000 0000000001 1111111111111111111000000000000000000009999999999999999999900000000000000000000111111111111111111110    19

0000000000 0000000000 1111111111 1111111111 1000000000 0000000000 0099999999 9999999999 9990000000 0000000000 0000111111111111111111111000000000000000000000999999999999999999999000000000000000000000111111111111    20
0000000000 0000000000 0111111111 1111111111 1110000000 0000000000 0000099999 9999999999 9999999000 0000000000 0000000001111111111111111111111000000000000000000000099999999999999999999990000000000000000000000111    21
0000000000 0000000000 0011111111 1111111111 1111100000 0000000000 0000000099 9999999999 9999999999 9000000000 0000000000000011111111111111111111111000000000000000000000009999999999999999999999900000000000000000    22
0000000000 0000000000 0001111111 1111111111 1111111000 0000000000 0000000000 0999999999 9999999999 9999900000 0000000000000000000111111111111111111111111000000000000000000000000999999999999999999999999000000000    23
0000000000 0000000000 0000111111 1111111111 1111111110 0000000000 0000000000 0000999999 9999999999 9999999990 0000000000000000000000001111111111111111111111111000000000000000000000000099999999999999999999999990    24
0000000000 0000000000 0000011111 1111111111 1111111111 1000000000 0000000000 0000000999 9999999999 9999999999 9990000000000000000000000000011111111111111111111111111000000000000000000000000009999999999999999999    25
0000000000 0000000000 0000001111 1111111111 1111111111 1110000000 0000000000 0000000000 9999999999 9999999999 9999999000000000000000000000000000111111111111111111111111111000000000000000000000000000999999999999    26
0000000000 0000000000 0000000111 1111111111 1111111111 1111100000 0000000000 0000000000 0009999999 9999999999 9999999999900000000000000000000000000001111111111111111111111111111000000000000000000000000000099999    27
0000000000 0000000000 0000000011 1111111111 1111111111 1111111000 0000000000 0000000000 0000009999 9999999999 9999999999999990000000000000000000000000000011111111111111111111111111111000000000000000000000000000    28
0000000000 0000000000 0000000001 1111111111 1111111111 1111111110 0000000000 0000000000 0000000009 9999999999 9999999999999999999000000000000000000000000000000111111111111111111111111111111000000000000000000000    29

0000000000 0000000000 0000000000 1111111111 1111111111 1111111111 1000000000 0000000000 0000000000 0099999999 9999999999999999999999900000000000000000000000000000001111111111111111111111111111111000000000000000    30
0000000000 0000000000 0000000000 0111111111 1111111111 1111111111 1110000000 0000000000 0000000000 0000099999 9999999999999999999999999990000000000000000000000000000000011111111111111111111111111111111000000000    31
0000000000 0000000000 0000000000 0011111111 1111111111 1111111111 1111100000 0000000000 0000000000 0000000099 9999999999999999999999999999999000000000000000000000000000000000111111111111111111111111111111111000    32
0000000000 0000000000 0000000000 0001111111 1111111111 1111111111 1111111000 0000000000 0000000000 0000000000 0999999999999999999999999999999999900000000000000000000000000000000001111111111111111111111111111111    33
0000000000 0000000000 0000000000 0000111111 1111111111 1111111111 1111111110 0000000000 0000000000 0000000000 0000999999999999999999999999999999999990000000000000000000000000000000000011111111111111111111111111    34
0000000000 0000000000 0000000000 0000011111 1111111111 1111111111 1111111111 1000000000 0000000000 0000000000 0000000999999999999999999999999999999999999000000000000000000000000000000000000111111111111111111111    35
0000000000 0000000000 0000000000 0000001111 1111111111 1111111111 1111111111 1110000000 0000000000 0000000000 0000000000999999999999999999999999999999999999900000000000000000000000000000000000001111111111111111    36
0000000000 0000000000 0000000000 0000000111 1111111111 1111111111 1111111111 1111100000 0000000000 0000000000 0000000000000999999999999999999999999999999999999990000000000000000000000000000000000000011111111111    37
0000000000 0000000000 0000000000 0000000011 1111111111 1111111111 1111111111 1111111000 0000000000 0000000000 0000000000000000999999999999999999999999999999999999999000000000000000000000000000000000000000111111    38
0000000000 0000000000 0000000000 0000000001 1111111111 1111111111 1111111111 1111111110 0000000000 0000000000 0000000000000000000999999999999999999999999999999999999999900000000000000000000000000000000000000001    39

0000000000 0000000000 0000000000 0000000000 1111111111 1111111111 1111111111 1111111111 1000000000 0000000000 0000000000000000000000999999999999999999999999999999999999999990000000000000000000000000000000000000    40
0000000000 0000000000 0000000000 0000000000 0111111111 1111111111 1111111111 1111111111 1110000000 0000000000 0000000000000000000000000999999999999999999999999999999999999999999000000000000000000000000000000000    41
0000000000 0000000000 0000000000 0000000000 0011111111 1111111111 1111111111 1111111111 1111100000 0000000000 0000000000000000000000000000999999999999999999999999999999999999999999900000000000000000000000000000    42
0000000000 0000000000 0000000000 0000000000 0001111111 1111111111 1111111111 1111111111 1111111000 0000000000 0000000000000000000000000000000999999999999999999999999999999999999999999990000000000000000000000000    43
0000000000 0000000000 0000000000 000000000000001111111 1111111111 1111111111 1111111111 1111111100 0000000000 000000000000000000000000000000000999999999999999999999999999999999999999999999000000000000000000000    44
0000000000 0000000000 0000000000 000000000000000111111 1111111111 1111111111 1111111111 1111111111 0000000000 000000000000000000000000000000000000999999999999999999999999999999999999999999999900000000000000000    45
000000000000000000000 0000000000 000000000000000111111 1111111111 111111111111111111111 1111111111 0000000000 0000000000000000000000000000000000000999999999999999999999999999999999999999999999990000000000000    46
000000000000000000000 0000000000 000000000000000011111 1111111111 111111111111111111111 1111111111 1100000000 0000000000000000000000000000000000000000999999999999999999999999999999999999999999999999000000000    47
000000000000000000000 0000000000 00000000000000000111111111111111 11111111111111111111111111111111 1100000000 00000000000000000000000000000000000000000999999999999999999999999999999999999999999999999900000    48
000000000000000000000 0000000000 00000000000000000011111111111111111111111111111111111111111111111 1110000000 0000000000000000000000000000000000000000000999999999999999999999999999999999999999999999999990    49
00000000000000000000000000000000 00000000000000000011111111111111111111111111111111111111111111111 1111000000000000000000000000000000000000000000000000000999999999999999999999999999999999999999999999999    50
00000000000000000000000000000000000000000000000000011111111111111111111111111111111111111111111111 111110000000000000000000000000000000000000000000000000000999999999999999999999999999999999999999999999    51
00000000000000000000000000000000000000000000000000001111111111111111111111111111111111111111111111111111100000000000000000000000000000000000000000000000000000999999999999999999999999999999999999999999    52
00000000000000000000000000000000000000000000000000000111111111111111111111111111111111111111111111111111111000000000000000000000000000000000000000000000000000000999999999999999999999999999999999999999    53
00000000000000000000000000000000000000000000000000000011111111111111111111111111111111111111111111111111111110000000000000000000000000000000000000000000000000000000999999999999999999999999999999999999    54
00000000000000000000000000000000000000000000000000000001111111111111111111111111111111111111111111111111111111100000000000000000000000000000000000000000000000000000000999999999999999999999999999999999    55
00000000000000000000000000000000000000000000000000000000111111111111111111111111111111111111111111111111111111111000000000000000000000000000000000000000000000000000000000999999999999999999999999999999    56
00000000000000000000000000000000000000000000000000000000011111111111111111111111111111111111111111111111111111111110000000000000000000000000000000000000000000000000000000000999999999999999999999999999    57
00000000000000000000000000000000000000000000000000000000001111111111111111111111111111111111111111111111111111111111100000000000000000000000000000000000000000000000000000000000999999999999999999999999    58
00000000000000000000000000000000000000000000000000000000000111111111111111111111111111111111111111111111111111111111111000000000000000000000000000000000000000000000000000000000000999999999999999999999    59
00000000000000000000000000000000000000000000000000000000000011111111111111111111111111111111111111111111111111111111111110000000000000000000000000000000000000000000000000000000000000999999999999999999    60
00000000000000000000000000000000000000000000000000000000000001111111111111111111111111111111111111111111111111111111111111100000000000000000000000000000000000000000000000000000000000000999999999999999    61
00000000000000000000000000000000000000000000000000000000000000111111111111111111111111111111111111111111111111111111111111111000000000000000000000000000000000000000000000000000000000000000999999999999    62
00000000000000000000000000000000000000000000000000000000000000011111111111111111111111111111111111111111111111111111111111111110000000000000000000000000000000000000000000000000000000000000000999999999    63
00000000000000000000000000000000000000000000000000000000000000001111111111111111111111111111111111111111111111111111111111111111100000000000000000000000000000000000000000000000000000000000000000999999    64
00000000000000000000000000000000000000000000000000000000000000000111111111111111111111111111111111111111111111111111111111111111111000000000000000000000000000000000000000000000000000000000000000000999    65
00000000000000000000000000000000000000000000000000000000000000000011111111111111111111111111111111111111111111111111111111111111111110000000000000000000000000000000000000000000000000000000000000000000    66
00000000000000000000000000000000000000000000000000000000000000000001111111111111111111111111111111111111111111111111111111111111111111100000000000000000000000000000000000000000000000000000000000000000    67
00000000000000000000000000000000000000000000000000000000000000000000111111111111111111111111111111111111111111111111111111111111111111111000000000000000000000000000000000000000000000000000000000000000    68
00000000000000000000000000000000000000000000000000000000000000000000011111111111111111111111111111111111111111111111111111111111111111111110000000000000000000000000000000000000000000000000000000000000    69
00000000000000000000000000000000000000000000000000000000000000000000001111111111111111111111111111111111111111111111111111111111111111111111100000000000000000000000000000000000000000000000000000000000    70
00000000000000000000000000000000000000000000000000000000000000000000000111111111111111111111111111111111111111111111111111111111111111111111111000000000000000000000000000000000000000000000000000000000    71
00000000000000000000000000000000000000000000000000000000000000000000000011111111111111111111111111111111111111111111111111111111111111111111111110000000000000000000000000000000000000000000000000000000    72
00000000000000000000000000000000000000000000000000000000000000000000000001111111111111111111111111111111111111111111111111111111111111111111111111100000000000000000000000000000000000000000000000000000    73
00000000000000000000000000000000000000000000000000000000000000000000000000111111111111111111111111111111111111111111111111111111111111111111111111111000000000000000000000000000000000000000000000000000    74
00000000000000000000000000000000000000000000000000000000000000000000000000011111111111111111111111111111111111111111111111111111111111111111111111111110000000000000000000000000000000000000000000000000    75
00000000000000000000000000000000000000000000000000000000000000000000000000001111111111111111111111111111111111111111111111111111111111111111111111111111100000000000000000000000000000000000000000000000    76
00000000000000000000000000000000000000000000000000000000000000000000000000000111111111111111111111111111111111111111111111111111111111111111111111111111111000000000000000000000000000000000000000000000    77
00000000000000000000000000000000000000000000000000000000000000000000000000000011111111111111111111111111111111111111111111111111111111111111111111111111111110000000000000000000000000000000000000000000    78
00000000000000000000000000000000000000000000000000000000000000000000000000000001111111111111111111111111111111111111111111111111111111111111111111111111111111100000000000000000000000000000000000000000    79
00000000000000000000000000000000000000000000000000000000000000000000000000000000111111111111111111111111111111111111111111111111111111111111111111111111111111111000000000000000000000000000000000000000    80
00000000000000000000000000000000000000000000000000000000000000000000000000000000011111111111111111111111111111111111111111111111111111111111111111111111111111111110000000000000000000000000000000000000    81
00000000000000000000000000000000000000000000000000000000000000000000000000000000001111111111111111111111111111111111111111111111111111111111111111111111111111111111100000000000000000000000000000000000    82
00000000000000000000000000000000000000000000000000000000000000000000000000000000000111111111111111111111111111111111111111111111111111111111111111111111111111111111111000000000000000000000000000000000    83
00000000000000000000000000000000000000000000000000000000000000000000000000000000000011111111111111111111111111111111111111111111111111111111111111111111111111111111111110000000000000000000000000000000    84
00000000000000000000000000000000000000000000000000000000000000000000000000000000000001111111111111111111111111111111111111111111111111111111111111111111111111111111111111100000000000000000000000000000    85
00000000000000000000000000000000000000000000000000000000000000000000000000000000000000111111111111111111111111111111111111111111111111111111111111111111111111111111111111111000000000000000000000000000    86
00000000000000000000000000000000000000000000000000000000000000000000000000000000000000011111111111111111111111111111111111111111111111111111111111111111111111111111111111111110000000000000000000000000    87
00000000000000000000000000000000000000000000000000000000000000000000000000000000000000001111111111111111111111111111111111111111111111111111111111111111111111111111111111111111100000000000000000000000    88
00000000000000000000000000000000000000000000000000000000000000000000000000000000000000000111111111111111111111111111111111111111111111111111111111111111111111111111111111111111111000000000000000000000    89
00000000000000000000000000000000000000000000000000000000000000000000000000000000000000000011111111111111111111111111111111111111111111111111111111111111111111111111111111111111111110000000000000000000    90
00000000000000000000000000000000000000000000000000000000000000000000000000000000000000000001111111111111111111111111111111111111111111111111111111111111111111111111111111111111111111100000000000000000    91
00000000000000000000000000000000000000000000000000000000000000000000000000000000000000000000111111111111111111111111111111111111111111111111111111111111111111111111111111111111111111111000000000000000    92
00000000000000000000000000000000000000000000000000000000000000000000000000000000000000000000011111111111111111111111111111111111111111111111111111111111111111111111111111111111111111111110000000000000    93
00000000000000000000000000000000000000000000000000000000000000000000000000000000000000000000001111111111111111111111111111111111111111111111111111111111111111111111111111111111111111111111100000000000    94
00000000000000000000000000000000000000000000000000000000000000000000000000000000000000000000000111111111111111111111111111111111111111111111111111111111111111111111111111111111111111111111111000000000    95
00000000000000000000000000000000000000000000000000000000000000000000000000000000000000000000000011111111111111111111111111111111111111111111111111111111111111111111111111111111111111111111111110000000    96
00000000000000000000000000000000000000000000000000000000000000000000000000000000000000000000000001111111111111111111111111111111111111111111111111111111111111111111111111111111111111111111111111100000    97
00000000000000000000000000000000000000000000000000000000000000000000000000000000000000000000000000111111111111111111111111111111111111111111111111111111111111111111111111111111111111111111111111111000    98
00000000000000000000000000000000000000000000000000000000000000000000000000000000000000000000000000011111111111111111111111111111111111111111111111111111111111111111111111111111111111111111111111111110    99

00000000000000000000000000000000000000000000000000000000000000000000000000000000000000000000000000001111111111111111111111111111111111111111111111111111111111111111111111111111111111111111111111111111    100
00000000000000000000000000000000000000000000000000000000000000000000000000000000000000000000000000000111111111111111111111111111111111111111111111111111111111111111111111111111111111111111111111111111    101
00000000000000000000000000000000000000000000000000000000000000000000000000000000000000000000000000000011111111111111111111111111111111111111111111111111111111111111111111111111111111111111111111111111    102
00000000000000000000000000000000000000000000000000000000000000000000000000000000000000000000000000000001111111111111111111111111111111111111111111111111111111111111111111111111111111111111111111111111    103
00000000000000000000000000000000000000000000000000000000000000000000000000000000000000000000000000000000111111111111111111111111111111111111111111111111111111111111111111111111111111111111111111111111    104
00000000000000000000000000000000000000000000000000000000000000000000000000000000000000000000000000000000011111111111111111111111111111111111111111111111111111111111111111111111111111111111111111111111    105
00000000000000000000000000000000000000000000000000000000000000000000000000000000000000000000000000000000001111111111111111111111111111111111111111111111111111111111111111111111111111111111111111111111    106
00000000000000000000000000000000000000000000000000000000000000000000000000000000000000000000000000000000000111111111111111111111111111111111111111111111111111111111111111111111111111111111111111111111    107
00000000000000000000000000000000000000000000000000000000000000000000000000000000000000000000000000000000000011111111111111111111111111111111111111111111111111111111111111111111111111111111111111111111    108
00000000000000000000000000000000000000000000000000000000000000000000000000000000000000000000000000000000000001111111111111111111111111111111111111111111111111111111111111111111111111111111111111111111    109
00000000000000000000000000000000000000000000000000000000000000000000000000000000000000000000000000000000000000111111111111111111111111111111111111111111111111111111111111111111111111111111111111111111    110
00000000000000000000000000000000000000000000000000000000000000000000000000000000000000000000000000000000000000011111111111111111111111111111111111111111111111111111111111111111111111111111111111111111    111
00000000000000000000000000000000000000000000000000000000000000000000000000000000000000000000000000000000000000001111111111111111111111111111111111111111111111111111111111111111111111111111111111111111    112
00000000000000000000000000000000000000000000000000000000000000000000000000000000000000000000000000000000000000000111111111111111111111111111111111111111111111111111111111111111111111111111111111111111    113
00000000000000000000000000000000000000000000000000000000000000000000000000000000000000000000000000000000000000000011111111111111111111111111111111111111111111111111111111111111111111111111111111111111    114
00000000000000000000000000000000000000000000000000000000000000000000000000000000000000000000000000000000000000000001111111111111111111111111111111111111111111111111111111111111111111111111111111111111    115
00000000000000000000000000000000000000000000000000000000000000000000000000000000000000000000000000000000000000000000111111111111111111111111111111111111111111111111111111111111111111111111111111111111    116
00000000000000000000000000000000000000000000000000000000000000000000000000000000000000000000000000000000000000000000011111111111111111111111111111111111111111111111111111111111111111111111111111111111    117
00000000000000000000000000000000000000000000000000000000000000000000000000000000000000000000000000000000000000000000001111111111111111111111111111111111111111111111111111111111111111111111111111111111    118
00000000000000000000000000000000000000000000000000000000000000000000000000000000000000000000000000000000000000000000000111111111111111111111111111111111111111111111111111111111111111111111111111111111    119
00000000000000000000000000000000000000000000000000000000000000000000000000000000000000000000000000000000000000000000000011111111111111111111111111111111111111111111111111111111111111111111111111111111    120
00000000000000000000000000000000000000000000000000000000000000000000000000000000000000000000000000000000000000000000000001111111111111111111111111111111111111111111111111111111111111111111111111111111    121
00000000000000000000000000000000000000000000000000000000000000000000000000000000000000000000000000000000000000000000000000111111111111111111111111111111111111111111111111111111111111111111111111111111    122
00000000000000000000000000000000000000000000000000000000000000000000000000000000000000000000000000000000000000000000000000011111111111111111111111111111111111111111111111111111111111111111111111111111    123
00000000000000000000000000000000000000000000000000000000000000000000000000000000000000000000000000000000000000000000000000001111111111111111111111111111111111111111111111111111111111111111111111111111    124
00000000000000000000000000000000000000000000000000000000000000000000000000000000000000000000000000000000000000000000000000000111111111111111111111111111111111111111111111111111111111111111111111111111    125
00000000000000000000000000000000000000000000000000000000000000000000000000000000000000000000000000000000000000000000000000000011111111111111111111111111111111111111111111111111111111111111111111111111    126
00000000000000000000000000000000000000000000000000000000000000000000000000000000000000000000000000000000000000000000000000000001111111111111111111111111111111111111111111111111111111111111111111111111    127
00000000000000000000000000000000000000000000000000000000000000000000000000000000000000000000000000000000000000000000000000000000111111111111111111111111111111111111111111111111111111111111111111111111    128
00000000000000000000000000000000000000000000000000000000000000000000000000000000000000000000000000000000000000000000000000000000011111111111111111111111111111111111111111111111111111111111111111111111    129
00000000000000000000000000000000000000000000000000000000000000000000000000000000000000000000000000000000000000000000000000000000001111111111111111111111111111111111111111111111111111111111111111111111    130
00000000000000000000000000000000000000000000000000000000000000000000000000000000000000000000000000000000000000000000000000000000000111111111111111111111111111111111111111111111111111111111111111111111    131
00000000000000000000000000000000000000000000000000000000000000000000000000000000000000000000000000000000000000000000000000000000000011111111111111111111111111111111111111111111111111111111111111111111    132
00000000000000000000000000000000000000000000000000000000000000000000000000000000000000000000000000000000000000000000000000000000000001111111111111111111111111111111111111111111111111111111111111111111    133
00000000000000000000000000000000000000000000000000000000000000000000000000000000000000000000000000000000000000000000000000000000000000111111111111111111111111111111111111111111111111111111111111111111    134
00000000000000000000000000000000000000000000000000000000000000000000000000000000000000000000000000000000000000000000000000000000000000011111111111111111111111111111111111111111111111111111111111111111    135
00000000000000000000000000000000000000000000000000000000000000000000000000000000000000000000000000000000000000000000000000000000000000001111111111111111111111111111111111111111111111111111111111111111    136
00000000000000000000000000000000000000000000000000000000000000000000000000000000000000000000000000000000000000000000000000000000000000000111111111111111111111111111111111111111111111111111111111111111    137
00000000000000000000000000000000000000000000000000000000000000000000000000000000000000000000000000000000000000000000000000000000000000000011111111111111111111111111111111111111111111111111111111111111    138
00000000000000000000000000000000000000000000000000000000000000000000000000000000000000000000000000000000000000000000000000000000000000000001111111111111111111111111111111111111111111111111111111111111    139
00000000000000000000000000000000000000000000000000000000000000000000000000000000000000000000000000000000000000000000000000000000000000000000111111111111111111111111111111111111111111111111111111111111    140
00000000000000000000000000000000000000000000000000000000000000000000000000000000000000000000000000000000000000000000000000000000000000000000011111111111111111111111111111111111111111111111111111111111    141
00000000000000000000000000000000000000000000000000000000000000000000000000000000000000000000000000000000000000000000000000000000000000000000001111111111111111111111111111111111111111111111111111111111    142
00000000000000000000000000000000000000000000000000000000000000000000000000000000000000000000000000000000000000000000000000000000000000000000000111111111111111111111111111111111111111111111111111111111    143
00000000000000000000000000000000000000000000000000000000000000000000000000000000000000000000000000000000000000000000000000000000000000000000000011111111111111111111111111111111111111111111111111111111    144
00000000000000000000000000000000000000000000000000000000000000000000000000000000000000000000000000000000000000000000000000000000000000000000000001111111111111111111111111111111111111111111111111111111    145
00000000000000000000000000000000000000000000000000000000000000000000000000000000000000000000000000000000000000000000000000000000000000000000000000111111111111111111111111111111111111111111111111111111    146
00000000000000000000000000000000000000000000000000000000000000000000000000000000000000000000000000000000000000000000000000000000000000000000000000011111111111111111111111111111111111111111111111111111    147
00000000000000000000000000000000000000000000000000000000000000000000000000000000000000000000000000000000000000000000000000000000000000000000000000001111111111111111111111111111111111111111111111111111    148
00000000000000000000000000000000000000000000000000000000000000000000000000000000000000000000000000000000000000000000000000000000000000000000000000000111111111111111111111111111111111111111111111111111    149
00000000000000000000000000000000000000000000000000000000000000000000000000000000000000000000000000000000000000000000000000000000000000000000000000000011111111111111111111111111111111111111111111111111    150
00000000000000000000000000000000000000000000000000000000000000000000000000000000000000000000000000000000000000000000000000000000000000000000000000000001111111111111111111111111111111111111111111111111    151
00000000000000000000000000000000000000000000000000000000000000000000000000000000000000000000000000000000000000000000000000000000000000000000000000000000111111111111111111111111111111111111111111111111    152
00000000000000000000000000000000000000000000000000000000000000000000000000000000000000000000000000000000000000000000000000000000000000000000000000000000011111111111111111111111111111111111111111111111    153
00000000000000000000000000000000000000000000000000000000000000000000000000000000000000000000000000000000000000000000000000000000000000000000000000000000001111111111111111111111111111111111111111111111    154
00000000000000000000000000000000000000000000000000000000000000000000000000000000000000000000000000000000000000000000000000000000000000000000000000000000000111111111111111111111111111111111111111111111    155
00000000000000000000000000000000000000000000000000000000000000000000000000000000000000000000000000000000000000000000000000000000000000000000000000000000000011111111111111111111111111111111111111111111    156
00000000000000000000000000000000000000000000000000000000000000000000000000000000000000000000000000000000000000000000000000000000000000000000000000000000000001111111111111111111111111111111111111111111    157
00000000000000000000000000000000000000000000000000000000000000000000000000000000000000000000000000000000000000000000000000000000000000000000000000000000000000111111111111111111111111111111111111111111    158
00000000000000000000000000000000000000000000000000000000000000000000000000000000000000000000000000000000000000000000000000000000000000000000000000000000000000011111111111111111111111111111111111111111    159
00000000000000000000000000000000000000000000000000000000000000000000000000000000000000000000000000000000000000000000000000000000000000000000000000000000000000001111111111111111111111111111111111111111    160
00000000000000000000000000000000000000000000000000000000000000000000000000000000000000000000000000000000000000000000000000000000000000000000000000000000000000000111111111111111111111111111111111111111    161
00000000000000000000000000000000000000000000000000000000000000000000000000000000000000000000000000000000000000000000000000000000000000000000000000000000000000000011111111111111111111111111111111111111    162
00000000000000000000000000000000000000000000000000000000000000000000000000000000000000000000000000000000000000000000000000000000000000000000000000000000000000000001111111111111111111111111111111111111    163
00000000000000000000000000000000000000000000000000000000000000000000000000000000000000000000000000000000000000000000000000000000000000000000000000000000000000000000111111111111111111111111111111111111    164
00000000000000000000000000000000000000000000000000000000000000000000000000000000000000000000000000000000000000000000000000000000000000000000000000000000000000000000011111111111111111111111111111111111    165
00000000000000000000000000000000000000000000000000000000000000000000000000000000000000000000000000000000000000000000000000000000000000000000000000000000000000000000001111111111111111111111111111111111    166
00000000000000000000000000000000000000000000000000000000000000000000000000000000000000000000000000000000000000000000000000000000000000000000000000000000000000000000000111111111111111111111111111111111    167
00000000000000000000000000000000000000000000000000000000000000000000000000000000000000000000000000000000000000000000000000000000000000000000000000000000000000000000000011111111111111111111111111111111    168
00000000000000000000000000000000000000000000000000000000000000000000000000000000000000000000000000000000000000000000000000000000000000000000000000000000000000000000000001111111111111111111111111111111    169
00000000000000000000000000000000000000000000000000000000000000000000000000000000000000000000000000000000000000000000000000000000000000000000000000000000000000000000000000111111111111111111111111111111    170
00000000000000000000000000000000000000000000000000000000000000000000000000000000000000000000000000000000000000000000000000000000000000000000000000000000000000000000000000011111111111111111111111111111    171
00000000000000000000000000000000000000000000000000000000000000000000000000000000000000000000000000000000000000000000000000000000000000000000000000000000000000000000000000001111111111111111111111111111    172
00000000000000000000000000000000000000000000000000000000000000000000000000000000000000000000000000000000000000000000000000000000000000000000000000000000000000000000000000000111111111111111111111111111    173
00000000000000000000000000000000000000000000000000000000000000000000000000000000000000000000000000000000000000000000000000000000000000000000000000000000000000000000000000000011111111111111111111111111    174
00000000000000000000000000000000000000000000000000000000000000000000000000000000000000000000000000000000000000000000000000000000000000000000000000000000000000000000000000000001111111111111111111111111    175
00000000000000000000000000000000000000000000000000000000000000000000000000000000000000000000000000000000000000000000000000000000000000000000000000000000000000000000000000000000111111111111111111111111    176
00000000000000000000000000000000000000000000000000000000000000000000000000000000000000000000000000000000000000000000000000000000000000000000000000000000000000000000000000000000011111111111111111111111    177
00000000000000000000000000000000000000000000000000000000000000000000000000000000000000000000000000000000000000000000000000000000000000000000000000000000000000000000000000000000001111111111111111111111    178
00000000000000000000000000000000000000000000000000000000000000000000000000000000000000000000000000000000000000000000000000000000000000000000000000000000000000000000000000000000000111111111111111111111    179
00000000000000000000000000000000000000000000000000000000000000000000000000000000000000000000000000000000000000000000000000000000000000000000000000000000000000000000000000000000000011111111111111111111    180
00000000000000000000000000000000000000000000000000000000000000000000000000000000000000000000000000000000000000000000000000000000000000000000000000000000000000000000000000000000000001111111111111111111    181
00000000000000000000000000000000000000000000000000000000000000000000000000000000000000000000000000000000000000000000000000000000000000000000000000000000000000000000000000000000000000111111111111111111    182
00000000000000000000000000000000000000000000000000000000000000000000000000000000000000000000000000000000000000000000000000000000000000000000000000000000000000000000000000000000000000011111111111111111    183
00000000000000000000000000000000000000000000000000000000000000000000000000000000000000000000000000000000000000000000000000000000000000000000000000000000000000000000000000000000000000001111111111111111    184
00000000000000000000000000000000000000000000000000000000000000000000000000000000000000000000000000000000000000000000000000000000000000000000000000000000000000000000000000000000000000000111111111111111    185
00000000000000000000000000000000000000000000000000000000000000000000000000000000000000000000000000000000000000000000000000000000000000000000000000000000000000000000000000000000000000000011111111111111    186
00000000000000000000000000000000000000000000000000000000000000000000000000000000000000000000000000000000000000000000000000000000000000000000000000000000000000000000000000000000000000000001111111111111    187
00000000000000000000000000000000000000000000000000000000000000000000000000000000000000000000000000000000000000000000000000000000000000000000000000000000000000000000000000000000000000000000111111111111    188
00000000000000000000000000000000000000000000000000000000000000000000000000000000000000000000000000000000000000000000000000000000000000000000000000000000000000000000000000000000000000000000011111111111    189
00000000000000000000000000000000000000000000000000000000000000000000000000000000000000000000000000000000000000000000000000000000000000000000000000000000000000000000000000000000000000000000001111111111    190
00000000000000000000000000000000000000000000000000000000000000000000000000000000000000000000000000000000000000000000000000000000000000000000000000000000000000000000000000000000000000000000000111111111    191
00000000000000000000000000000000000000000000000000000000000000000000000000000000000000000000000000000000000000000000000000000000000000000000000000000000000000000000000000000000000000000000000011111111    192
00000000000000000000000000000000000000000000000000000000000000000000000000000000000000000000000000000000000000000000000000000000000000000000000000000000000000000000000000000000000000000000000001111111    193
00000000000000000000000000000000000000000000000000000000000000000000000000000000000000000000000000000000000000000000000000000000000000000000000000000000000000000000000000000000000000000000000000111111    194
00000000000000000000000000000000000000000000000000000000000000000000000000000000000000000000000000000000000000000000000000000000000000000000000000000000000000000000000000000000000000000000000000011111    195
00000000000000000000000000000000000000000000000000000000000000000000000000000000000000000000000000000000000000000000000000000000000000000000000000000000000000000000000000000000000000000000000000001111    196
00000000000000000000000000000000000000000000000000000000000000000000000000000000000000000000000000000000000000000000000000000000000000000000000000000000000000000000000000000000000000000000000000000111    197
00000000000000000000000000000000000000000000000000000000000000000000000000000000000000000000000000000000000000000000000000000000000000000000000000000000000000000000000000000000000000000000000000000011    198
00000000000000000000000000000000000000000000000000000000000000000000000000000000000000000000000000000000000000000000000000000000000000000000000000000000000000000000000000000000000000000000000000000001    199
    ✓ k.1 - print the repeatingPatternMatrix for some data (57ms)
0030075020210457397015320778444665194570889106464079711797502170071124716297667928880828202888082820137311373113731137311373113731137350893003980534855843508930039805348558435089300398053485584350893000974059245542950479009740592455429504790097405924554295047900974059245542950479009740592455429504790097405924554295047900974059245542950479009740592455429504790097405924554295047900974059245542950479
    ✓ k.2 - print the transformation results starting for some data repeated
  2 passing (73ms)






/usr/local/bin/node --inspect-brk=15579 node_modules/mocha/bin/_mocha -r ts-node/register src/day16-ftt.spec.ts
Debugger listening on ws://127.0.0.1:15579/eb97f152-234b-45f0-80a5-2b41066ff0f4
For help, see: https://nodejs.org/en/docs/inspector
Debugger attached.

  k - test buildRepeatingPatternMatrix
10901090 10901090 10901090 10901090    0
01100990 01100990 01100990 01100990    1
00111000 99900011 10009990 00111000    2
00011110 00099990 00011110 00099990    3
00001111 10000099 99900000 11111000    4
00000111 11100000 09999990 00000111    5
00000011 11111000 00009999 99900000    6
00000001 11111110 00000009 99999990    7
   
00000000 11111111 10000000 00999999    8
00000000 01111111 11100000 00000999    9
00000000 00111111 11111000 00000000    10
00000000 00011111 11111110 00000000    11
00000000 00001111 11111111 10000000    12
00000000 00000111 11111111 11100000    13
00000000 00000011 11111111 11111000    14
00000000 00000001 11111111 11111110    15
   
00000000 00000000 11111111 11111111    16
00000000 00000000 01111111 11111111    17
00000000 00000000 00111111 11111111    18
00000000 00000000 00011111 11111111    19
00000000 00000000 00001111 11111111    20
00000000 00000000 00000111 11111111    21
00000000 00000000 00000011 11111111    22
00000000 00000000 00000001 11111111    23
   
00000000 00000000 00000000 11111111    24
00000000 00000000 00000000 01111111    25
00000000 00000000 00000000 00111111    26
00000000 00000000 00000000 00011111    27
00000000 00000000 00000000 00001111    28
00000000 00000000 00000000 00000111    29
00000000 00000000 00000000 00000011    30
00000000 00000000 00000000 00000001    31
  

    ✓ k.1 - print the repeatingPatternMatrix for some data
  1 passing (18ms)







/usr/local/bin/node --inspect-brk=36967 node_modules/mocha/bin/_mocha -r ts-node/register src/day16-ftt.spec.ts
Debugger listening on ws://127.0.0.1:36967/3e1a08bf-3409-48a9-aa81-bf7c6c36a4c2
For help, see: https://nodejs.org/en/docs/inspector
Debugger attached.

  k - t est buildRepeatingPatternMatrix
1090109 0109010 9010901 0901090 1090109 0109010    0
0110099 0011009 9001100 9900110 0990011 0099001    1
0011100 0999000 1110009 9900011 1000999 0001110    2
0001111 0000999 9000011 1100009 9990000 1111000    3
0000111 1100000 9999900 0001111 1000009 9999000    4
0000011 1111000 0009999 9900000 0111111 0000009    5
0000001 1111110 0000009 9999990 0000001 1111110    
     
0000000 1111111 1000000 0099999 9990000 0000111    7
0000000 0111111 1110000 0000099 9999999 0000000    8
0000000 0011111 1111100 0000000 0999999 9999000    9
0000000 0001111 1111111 0000000 0000999 9999999    10
0000000 0000111 1111111 1100000 0000000 9999999    11
0000000 0000011 1111111 1111000 0000000 0009999    12
0000000 0000001 1111111 1111110 0000000 0000009    
     
0000000 0000000 1111111 1111111 1000000 0000000    14
0000000 0000000 0111111 1111111 1110000 0000000    15
0000000 0000000 0011111 1111111 1111100 0000000    16
0000000 0000000 0001111 1111111 1111111 0000000    17
0000000 0000000 0000111 1111111 1111111 1100000    18
0000000 0000000 0000011 1111111 1111111 1111000    19
0000000 0000000 0000001 1111111 1111111 1111110    20
     
0000000 0000000 0000000 1111111 1111111 1111111    21
0000000 0000000 0000000 0111111 1111111 1111111    22
0000000 0000000 0000000 0011111 1111111 1111111    23
0000000 0000000 0000000 0001111 1111111 1111111    24
0000000 0000000 0000000 0000111 1111111 1111111    25
0000000 0000000 0000000 0000011 1111111 1111111    26
0000000 0000000 0000000 0000001 1111111 1111111    27
     
0000000 0000000 0000000 0000000 1111111 1111111    28
0000000 0000000 0000000 0000000 0111111 1111111    29
0000000 0000000 0000000 0000000 0011111 1111111    30
0000000 0000000 0000000 0000000 0001111 1111111    31
0000000 0000000 0000000 0000000 0000111 1111111    32
0000000 0000000 0000000 0000000 0000011 1111111    33
0000000 0000000 0000000 0000000 0000001 1111111    34
     
0000000 0000000 0000000 0000000 0000000 1111111    35
0000000 0000000 0000000 0000000 0000000 0111111    36
0000000 0000000 0000000 0000000 0000000 0011111    37
0000000 0000000 0000000 0000000 0000000 0001111    38
0000000 0000000 0000000 0000000 0000000 0000111    39
0000000 0000000 0000000 0000000 0000000 0000011    40
0000000 0000000 0000000 0000000 0000000 0000001    41
    
 
    ✓  k.1 - print the repeatingPatternMatrix for some data
  1 pas sing (18ms)
